-1.335063741676434379e-02 9.997098304043493533e-01 2.005032352540558893e-02 3.826633803998962247e-01 7.727505480335020716e-01 -2.410032983991117206e-03 6.347052719608829996e-01 -5.659433544960718621e+01 6.345694217297966899e-01 2.396761844496481109e-02 -7.724941438429084872e-01 -1.920602546598707150e+01
-3.760973197138528512e-02 9.989523933091393193e-01 2.606959844306611096e-02 2.599424666417848861e-01 8.368114121627041602e-01 1.722448581354230068e-02 5.472202276622452066e-01 -4.940630207343831870e+01 5.461979206618247096e-01 4.239614357935417299e-02 -8.365825712231266253e-01 -1.444267090243459783e+01
-1.894022897020042340e-02 9.990768072199465166e-01 3.855905862121880578e-02 2.047924216658933982e-01 8.903824730018590206e-01 -6.891604263630224381e-04 4.552126720874549726e-01 -4.189951582255520179e+01 4.548189964124744744e-01 4.295414221125767873e-02 -8.895474254750247445e-01 -1.051111580178759475e+01
-1.208062344999083493e-02 9.987500845016077378e-01 4.850079633460729900e-02 -5.423664457255594762e-02 9.351482677560165602e-01 -5.889538462759080772e-03 3.542076095309320549e-01 -3.429555928028290168e+01 3.540505272556179750e-01 4.963448443095991314e-02 -9.339082621463907774e-01 -6.759499084143103076e+00
-1.622714670945213378e-03 9.999277590098110124e-01 1.190980934836605165e-02 -1.377372041037216444e-01 9.639852195500790977e-01 -1.603268381693556677e-03 2.659509842423648518e-01 -2.554878282181579507e+01 2.659508663006815987e-01 1.191244274336672460e-02 -9.639129786561663193e-01 -4.123892223186469863e+00
-1.259562196530561451e-04 9.994601244781670113e-01 3.285488872478690980e-02 -2.159219127050364673e-01 9.886221080721143695e-01 -4.817591323524217373e-03 1.503433345542410093e-01 -1.763897498055708368e+01 1.504204492949002825e-01 3.250000602964409763e-02 -9.880877683900319841e-01 -2.117846813896947289e+00
2.155975357420958360e-03 9.993208070610303251e-01 3.678690453339254762e-02 -4.346545271977696190e-02 9.990014016946716646e-01 -3.794058970476132941e-03 4.451746318704206257e-02 -8.718793420674069594e+00 4.462679892552555427e-02 3.665419063926107085e-02 -9.983310668942649846e-01 -1.441323503999382583e+00
1.408545888260837042e-02 9.983814754109312517e-01 5.510017608282532370e-02 -6.127621590256872308e-02 9.985318451484928026e-01 -1.116224598972193061e-02 -5.300526850051181377e-02 2.146052217369831538e-01 -5.230443645058004826e-02 5.576588402201599487e-02 -9.970729221610775683e-01 -1.497370093352007991e+00
2.893918914348314608e-03 9.998601250625300807e-01 1.647287295097261961e-02 -5.418814244588947282e-03 9.852394363788563592e-01 -3.134929541448450152e-05 -1.711819266777171167e-01 8.785782144308859287e+00 -1.711574662034666128e-01 1.672511067716397903e-02 -9.851017167966188426e-01 -2.292697905976022632e+00
2.348108981792762506e-02 9.989044944983394014e-01 4.047776293199677189e-02 4.249893135220408902e-01 9.601272649672556447e-01 -1.125022904603045770e-02 -2.793368350449122461e-01 1.736314319265548889e+01 -2.785754359010482739e-01 4.542293712903630598e-02 -9.593396079048923664e-01 -4.321714746432178345e+00
1.493648296886962434e-02 9.991679732780653911e-01 3.795079250719179953e-02 6.619648617001211433e-01 9.326537596962942711e-01 -2.391578778129233029e-04 -3.607726532428375821e-01 2.551065817647445044e+01 -3.604634045237989359e-01 4.078362390608189503e-02 -9.318813390234829130e-01 -7.138250489570923563e+00
2.477178680977665248e-02 9.984732332932375609e-01 4.937166166131309875e-02 1.019545566683708326e+00 8.841324046541687576e-01 1.168411765374077760e-03 -4.672349792710130956e-01 3.326866666319107679e+01 -4.665793068907883034e-01 5.522533124296069573e-02 -8.827535970872149029e-01 -1.090861370724523560e+01
2.829398976108843389e-02 9.994012607307610763e-01 1.991407023098512585e-02 1.402533320921228288e+00 8.281099230845155867e-01 -1.227741677393467956e-02 -5.604312806458223717e-01 4.184848582227758129e+01 -5.598512350904987223e-01 3.234787608366729295e-02 -8.279614782588130550e-01 -1.643916967343320934e+01
4.977855202660841361e-02 9.986524587363745376e-01 1.467523144375015853e-02 1.726373129071459012e+00 7.689317595688167639e-01 -2.894260153978422956e-02 -6.386754065583801765e-01 4.841657904492560505e+01 -6.373900257177995687e-01 4.307658848960410625e-02 -7.693363130904194991e-01 -2.071417314032045454e+01
2.898194569361889350e-02 9.994698079472892349e-01 -1.483744673523362811e-02 2.096998967117055912e+00 6.863368273521368579e-01 -3.068907135710940981e-02 -7.266360439170639340e-01 5.472822581117390683e+01 -7.267061347229808455e-01 1.087584024556398354e-02 -6.868623660202513026e-01 -2.655542115658334268e+01
3.742986528621938813e-02 9.992055679422906511e-01 1.368350020205044704e-02 2.536385023267410332e+00 5.788316046262491632e-01 -1.051670122784287287e-02 -8.153792813660927230e-01 6.029861434635652984e+01 -8.145876126424075325e-01 3.843997903756379841e-02 -5.787654009537324118e-01 -3.336148331823247304e+01
